########## Testcase 0: Passed ##########
Expected Output: 
2
[5,-1,0,99]
[-1,0]
[0,99]
Index Out of Bounds Exception
false
true
4
[5,-1,0,99]

Your Output: 
2
[5,-1,0,99]
[-1,0]
[0,99]
Index Out of Bounds Exception
false
true
4
[5,-1,0,99]

----------------------------------------
########## Testcase 1: Failed ##########
Expected Output: 
2
[1,-1]
Index Out of Bounds Exception
true
6
[1,-1,0,0,0,-1]
0
[]

Your Output: 
2
[1,-1]
Index Out of Bounds Exception
true
6
[1,-1,0,0,0,-1]
0
[9, 1, 2, 3, 4, 5, 6, 7, 8, 9]
[1, 2, 3, 4, 5, 6, 7, 8, 9, 1, 2, 3, 4, 5, 6, 7, 8, 9, 0, 0]     9
0, 0
[1, 2, 3, 4, 5, 6, 7, 8, 9, 1, 2, 3, 4, 5, 6, 7, 8, 9, 0, 0]
0, 1
[1, 2, 3, 4, 5, 6, 7, 8, 9, 1, 2, 3, 4, 5, 6, 7, 8, 9, 0, 0]
0, 2
[1, 2, 3, 4, 5, 6, 7, 8, 9, 1, 2, 3, 4, 5, 6, 7, 8, 9, 0, 0]
0, 3
[1, 2, 3, 4, 5, 6, 7, 8, 9, 1, 2, 3, 4, 5, 6, 7, 8, 9, 0, 0]
0, 4
[1, 2, 3, 4, 5, 6, 7, 8, 9, 1, 2, 3, 4, 5, 6, 7, 8, 9, 0, 0]
0, 5
[1, 2, 3, 4, 5, 6, 7, 8, 9, 1, 2, 3, 4, 5, 6, 7, 8, 9, 0, 0]
0, 6
[1, 2, 3, 4, 5, 6, 7, 8, 9, 1, 2, 3, 4, 5, 6, 7, 8, 9, 0, 0]
0, 7
[1, 2, 3, 4, 5, 6, 7, 8, 9, 1, 2, 3, 4, 5, 6, 7, 8, 9, 0, 0]
0, 8
[1, 2, 3, 4, 5, 6, 7, 8, 1, 2, 3, 4, 5, 6, 7, 8, 9, 0, 0, 0]
0, 9
[1, 2, 3, 4, 5, 6, 7, 8, 1, 2, 3, 4, 5, 6, 7, 8, 9, 0, 0, 0]
0, 10
[1, 2, 3, 4, 5, 6, 7, 8, 1, 2, 3, 4, 5, 6, 7, 8, 9, 0, 0, 0]
0, 11
[1, 2, 3, 4, 5, 6, 7, 8, 1, 2, 3, 4, 5, 6, 7, 8, 9, 0, 0, 0]
0, 12
[1, 2, 3, 4, 5, 6, 7, 8, 1, 2, 3, 4, 5, 6, 7, 8, 9, 0, 0, 0]
0, 13
[1, 2, 3, 4, 5, 6, 7, 8, 1, 2, 3, 4, 5, 6, 7, 8, 9, 0, 0, 0]
0, 14
[1, 2, 3, 4, 5, 6, 7, 8, 1, 2, 3, 4, 5, 6, 7, 8, 9, 0, 0, 0]
0, 15
[1, 2, 3, 4, 5, 6, 7, 8, 1, 2, 3, 4, 5, 6, 7, 8, 9, 0, 0, 0]
0, 16
[1, 2, 3, 4, 5, 6, 7, 8, 1, 2, 3, 4, 5, 6, 7, 8, 0, 0, 0, 0]
0, 17
[1, 2, 3, 4, 5, 6, 7, 8, 1, 2, 3, 4, 5, 6, 7, 8, 0, 0, 0, 0]
0, 18
[1, 2, 3, 4, 5, 6, 7, 8, 1, 2, 3, 4, 5, 6, 7, 8, 0, 0, 0, 0]
0, 19
[1, 2, 3, 4, 5, 6, 7, 8, 1, 2, 3, 4, 5, 6, 7, 8, 0, 0, 0, 0]
[1, 2, 3, 4, 5, 6, 7, 8, 1, 2, 3, 4, 5, 6, 7, 8, 0, 0, 0, 0]     1
1, 0
[2, 3, 4, 5, 6, 7, 8, 1, 2, 3, 4, 5, 6, 7, 8, 0, 0, 0, 0, 0]
1, 1
[2, 3, 4, 5, 6, 7, 8, 1, 2, 3, 4, 5, 6, 7, 8, 0, 0, 0, 0, 0]
1, 2
[2, 3, 4, 5, 6, 7, 8, 1, 2, 3, 4, 5, 6, 7, 8, 0, 0, 0, 0, 0]
1, 3
[2, 3, 4, 5, 6, 7, 8, 1, 2, 3, 4, 5, 6, 7, 8, 0, 0, 0, 0, 0]
1, 4
[2, 3, 4, 5, 6, 7, 8, 1, 2, 3, 4, 5, 6, 7, 8, 0, 0, 0, 0, 0]
1, 5
[2, 3, 4, 5, 6, 7, 8, 1, 2, 3, 4, 5, 6, 7, 8, 0, 0, 0, 0, 0]
1, 6
[2, 3, 4, 5, 6, 7, 8, 1, 2, 3, 4, 5, 6, 7, 8, 0, 0, 0, 0, 0]
1, 7
[2, 3, 4, 5, 6, 7, 8, 2, 3, 4, 5, 6, 7, 8, 0, 0, 0, 0, 0, 0]
1, 8
[2, 3, 4, 5, 6, 7, 8, 2, 3, 4, 5, 6, 7, 8, 0, 0, 0, 0, 0, 0]
1, 9
[2, 3, 4, 5, 6, 7, 8, 2, 3, 4, 5, 6, 7, 8, 0, 0, 0, 0, 0, 0]
1, 10
[2, 3, 4, 5, 6, 7, 8, 2, 3, 4, 5, 6, 7, 8, 0, 0, 0, 0, 0, 0]
1, 11
[2, 3, 4, 5, 6, 7, 8, 2, 3, 4, 5, 6, 7, 8, 0, 0, 0, 0, 0, 0]
1, 12
[2, 3, 4, 5, 6, 7, 8, 2, 3, 4, 5, 6, 7, 8, 0, 0, 0, 0, 0, 0]
1, 13
[2, 3, 4, 5, 6, 7, 8, 2, 3, 4, 5, 6, 7, 8, 0, 0, 0, 0, 0, 0]
1, 14
[2, 3, 4, 5, 6, 7, 8, 2, 3, 4, 5, 6, 7, 8, 0, 0, 0, 0, 0, 0]
1, 15
[2, 3, 4, 5, 6, 7, 8, 2, 3, 4, 5, 6, 7, 8, 0, 0, 0, 0, 0, 0]
1, 16
[2, 3, 4, 5, 6, 7, 8, 2, 3, 4, 5, 6, 7, 8, 0, 0, 0, 0, 0, 0]
1, 17
[2, 3, 4, 5, 6, 7, 8, 2, 3, 4, 5, 6, 7, 8, 0, 0, 0, 0, 0, 0]
1, 18
[2, 3, 4, 5, 6, 7, 8, 2, 3, 4, 5, 6, 7, 8, 0, 0, 0, 0, 0, 0]
1, 19
[2, 3, 4, 5, 6, 7, 8, 2, 3, 4, 5, 6, 7, 8, 0, 0, 0, 0, 0, 0]
[2, 3, 4, 5, 6, 7, 8, 2, 3, 4, 5, 6, 7, 8, 0, 0, 0, 0, 0, 0]     2
2, 0
[3, 4, 5, 6, 7, 8, 2, 3, 4, 5, 6, 7, 8, 0, 0, 0, 0, 0, 0, 0]
2, 1
[3, 4, 5, 6, 7, 8, 2, 3, 4, 5, 6, 7, 8, 0, 0, 0, 0, 0, 0, 0]
2, 2
[3, 4, 5, 6, 7, 8, 2, 3, 4, 5, 6, 7, 8, 0, 0, 0, 0, 0, 0, 0]
2, 3
[3, 4, 5, 6, 7, 8, 2, 3, 4, 5, 6, 7, 8, 0, 0, 0, 0, 0, 0, 0]
2, 4
[3, 4, 5, 6, 7, 8, 2, 3, 4, 5, 6, 7, 8, 0, 0, 0, 0, 0, 0, 0]
2, 5
[3, 4, 5, 6, 7, 8, 2, 3, 4, 5, 6, 7, 8, 0, 0, 0, 0, 0, 0, 0]
2, 6
[3, 4, 5, 6, 7, 8, 3, 4, 5, 6, 7, 8, 0, 0, 0, 0, 0, 0, 0, 0]
2, 7
[3, 4, 5, 6, 7, 8, 3, 4, 5, 6, 7, 8, 0, 0, 0, 0, 0, 0, 0, 0]
2, 8
[3, 4, 5, 6, 7, 8, 3, 4, 5, 6, 7, 8, 0, 0, 0, 0, 0, 0, 0, 0]
2, 9
[3, 4, 5, 6, 7, 8, 3, 4, 5, 6, 7, 8, 0, 0, 0, 0, 0, 0, 0, 0]
2, 10
[3, 4, 5, 6, 7, 8, 3, 4, 5, 6, 7, 8, 0, 0, 0, 0, 0, 0, 0, 0]
2, 11
[3, 4, 5, 6, 7, 8, 3, 4, 5, 6, 7, 8, 0, 0, 0, 0, 0, 0, 0, 0]
2, 12
[3, 4, 5, 6, 7, 8, 3, 4, 5, 6, 7, 8, 0, 0, 0, 0, 0, 0, 0, 0]
2, 13
[3, 4, 5, 6, 7, 8, 3, 4, 5, 6, 7, 8, 0, 0, 0, 0, 0, 0, 0, 0]
2, 14
[3, 4, 5, 6, 7, 8, 3, 4, 5, 6, 7, 8, 0, 0, 0, 0, 0, 0, 0, 0]
2, 15
[3, 4, 5, 6, 7, 8, 3, 4, 5, 6, 7, 8, 0, 0, 0, 0, 0, 0, 0, 0]
2, 16
[3, 4, 5, 6, 7, 8, 3, 4, 5, 6, 7, 8, 0, 0, 0, 0, 0, 0, 0, 0]
2, 17
[3, 4, 5, 6, 7, 8, 3, 4, 5, 6, 7, 8, 0, 0, 0, 0, 0, 0, 0, 0]
2, 18
[3, 4, 5, 6, 7, 8, 3, 4, 5, 6, 7, 8, 0, 0, 0, 0, 0, 0, 0, 0]
2, 19
[3, 4, 5, 6, 7, 8, 3, 4, 5, 6, 7, 8, 0, 0, 0, 0, 0, 0, 0, 0]
[3, 4, 5, 6, 7, 8, 3, 4, 5, 6, 7, 8, 0, 0, 0, 0, 0, 0, 0, 0]     3
3, 0
[4, 5, 6, 7, 8, 3, 4, 5, 6, 7, 8, 0, 0, 0, 0, 0, 0, 0, 0, 0]
3, 1
[4, 5, 6, 7, 8, 3, 4, 5, 6, 7, 8, 0, 0, 0, 0, 0, 0, 0, 0, 0]
3, 2
[4, 5, 6, 7, 8, 3, 4, 5, 6, 7, 8, 0, 0, 0, 0, 0, 0, 0, 0, 0]
3, 3
[4, 5, 6, 7, 8, 3, 4, 5, 6, 7, 8, 0, 0, 0, 0, 0, 0, 0, 0, 0]
3, 4
[4, 5, 6, 7, 8, 3, 4, 5, 6, 7, 8, 0, 0, 0, 0, 0, 0, 0, 0, 0]
3, 5
[4, 5, 6, 7, 8, 4, 5, 6, 7, 8, 0, 0, 0, 0, 0, 0, 0, 0, 0, 0]
3, 6
[4, 5, 6, 7, 8, 4, 5, 6, 7, 8, 0, 0, 0, 0, 0, 0, 0, 0, 0, 0]
3, 7
[4, 5, 6, 7, 8, 4, 5, 6, 7, 8, 0, 0, 0, 0, 0, 0, 0, 0, 0, 0]
3, 8
[4, 5, 6, 7, 8, 4, 5, 6, 7, 8, 0, 0, 0, 0, 0, 0, 0, 0, 0, 0]
3, 9
[4, 5, 6, 7, 8, 4, 5, 6, 7, 8, 0, 0, 0, 0, 0, 0, 0, 0, 0, 0]
3, 10
[4, 5, 6, 7, 8, 4, 5, 6, 7, 8, 0, 0, 0, 0, 0, 0, 0, 0, 0, 0]
3, 11
[4, 5, 6, 7, 8, 4, 5, 6, 7, 8, 0, 0, 0, 0, 0, 0, 0, 0, 0, 0]
3, 12
[4, 5, 6, 7, 8, 4, 5, 6, 7, 8, 0, 0, 0, 0, 0, 0, 0, 0, 0, 0]
3, 13
[4, 5, 6, 7, 8, 4, 5, 6, 7, 8, 0, 0, 0, 0, 0, 0, 0, 0, 0, 0]
3, 14
[4, 5, 6, 7, 8, 4, 5, 6, 7, 8, 0, 0, 0, 0, 0, 0, 0, 0, 0, 0]
3, 15
[4, 5, 6, 7, 8, 4, 5, 6, 7, 8, 0, 0, 0, 0, 0, 0, 0, 0, 0, 0]
3, 16
[4, 5, 6, 7, 8, 4, 5, 6, 7, 8, 0, 0, 0, 0, 0, 0, 0, 0, 0, 0]
3, 17
[4, 5, 6, 7, 8, 4, 5, 6, 7, 8, 0, 0, 0, 0, 0, 0, 0, 0, 0, 0]
3, 18
[4, 5, 6, 7, 8, 4, 5, 6, 7, 8, 0, 0, 0, 0, 0, 0, 0, 0, 0, 0]
3, 19
[4, 5, 6, 7, 8, 4, 5, 6, 7, 8, 0, 0, 0, 0, 0, 0, 0, 0, 0, 0]
[4, 5, 6, 7, 8, 4, 5, 6, 7, 8, 0, 0, 0, 0, 0, 0, 0, 0, 0, 0]     4
4, 0
[5, 6, 7, 8, 4, 5, 6, 7, 8, 0, 0, 0, 0, 0, 0, 0, 0, 0, 0, 0]
4, 1
[5, 6, 7, 8, 4, 5, 6, 7, 8, 0, 0, 0, 0, 0, 0, 0, 0, 0, 0, 0]
4, 2
[5, 6, 7, 8, 4, 5, 6, 7, 8, 0, 0, 0, 0, 0, 0, 0, 0, 0, 0, 0]
4, 3
[5, 6, 7, 8, 4, 5, 6, 7, 8, 0, 0, 0, 0, 0, 0, 0, 0, 0, 0, 0]
4, 4
[5, 6, 7, 8, 5, 6, 7, 8, 0, 0, 0, 0, 0, 0, 0, 0, 0, 0, 0, 0]
4, 5
[5, 6, 7, 8, 5, 6, 7, 8, 0, 0, 0, 0, 0, 0, 0, 0, 0, 0, 0, 0]
4, 6
[5, 6, 7, 8, 5, 6, 7, 8, 0, 0, 0, 0, 0, 0, 0, 0, 0, 0, 0, 0]
4, 7
[5, 6, 7, 8, 5, 6, 7, 8, 0, 0, 0, 0, 0, 0, 0, 0, 0, 0, 0, 0]
4, 8
[5, 6, 7, 8, 5, 6, 7, 8, 0, 0, 0, 0, 0, 0, 0, 0, 0, 0, 0, 0]
4, 9
[5, 6, 7, 8, 5, 6, 7, 8, 0, 0, 0, 0, 0, 0, 0, 0, 0, 0, 0, 0]
4, 10
[5, 6, 7, 8, 5, 6, 7, 8, 0, 0, 0, 0, 0, 0, 0, 0, 0, 0, 0, 0]
4, 11
[5, 6, 7, 8, 5, 6, 7, 8, 0, 0, 0, 0, 0, 0, 0, 0, 0, 0, 0, 0]
4, 12
[5, 6, 7, 8, 5, 6, 7, 8, 0, 0, 0, 0, 0, 0, 0, 0, 0, 0, 0, 0]
4, 13
[5, 6, 7, 8, 5, 6, 7, 8, 0, 0, 0, 0, 0, 0, 0, 0, 0, 0, 0, 0]
4, 14
[5, 6, 7, 8, 5, 6, 7, 8, 0, 0, 0, 0, 0, 0, 0, 0, 0, 0, 0, 0]
4, 15
[5, 6, 7, 8, 5, 6, 7, 8, 0, 0, 0, 0, 0, 0, 0, 0, 0, 0, 0, 0]
4, 16
[5, 6, 7, 8, 5, 6, 7, 8, 0, 0, 0, 0, 0, 0, 0, 0, 0, 0, 0, 0]
4, 17
[5, 6, 7, 8, 5, 6, 7, 8, 0, 0, 0, 0, 0, 0, 0, 0, 0, 0, 0, 0]
4, 18
[5, 6, 7, 8, 5, 6, 7, 8, 0, 0, 0, 0, 0, 0, 0, 0, 0, 0, 0, 0]
4, 19
[5, 6, 7, 8, 5, 6, 7, 8, 0, 0, 0, 0, 0, 0, 0, 0, 0, 0, 0, 0]
[5, 6, 7, 8, 5, 6, 7, 8, 0, 0, 0, 0, 0, 0, 0, 0, 0, 0, 0, 0]     5
5, 0
[6, 7, 8, 5, 6, 7, 8, 0, 0, 0, 0, 0, 0, 0, 0, 0, 0, 0, 0, 0]
5, 1
[6, 7, 8, 5, 6, 7, 8, 0, 0, 0, 0, 0, 0, 0, 0, 0, 0, 0, 0, 0]
5, 2
[6, 7, 8, 5, 6, 7, 8, 0, 0, 0, 0, 0, 0, 0, 0, 0, 0, 0, 0, 0]
5, 3
[6, 7, 8, 6, 7, 8, 0, 0, 0, 0, 0, 0, 0, 0, 0, 0, 0, 0, 0, 0]
5, 4
[6, 7, 8, 6, 7, 8, 0, 0, 0, 0, 0, 0, 0, 0, 0, 0, 0, 0, 0, 0]
5, 5
[6, 7, 8, 6, 7, 8, 0, 0, 0, 0, 0, 0, 0, 0, 0, 0, 0, 0, 0, 0]
5, 6
[6, 7, 8, 6, 7, 8, 0, 0, 0, 0, 0, 0, 0, 0, 0, 0, 0, 0, 0, 0]
5, 7
[6, 7, 8, 6, 7, 8, 0, 0, 0, 0, 0, 0, 0, 0, 0, 0, 0, 0, 0, 0]
5, 8
[6, 7, 8, 6, 7, 8, 0, 0, 0, 0, 0, 0, 0, 0, 0, 0, 0, 0, 0, 0]
5, 9
[6, 7, 8, 6, 7, 8, 0, 0, 0, 0, 0, 0, 0, 0, 0, 0, 0, 0, 0, 0]
5, 10
[6, 7, 8, 6, 7, 8, 0, 0, 0, 0, 0, 0, 0, 0, 0, 0, 0, 0, 0, 0]
5, 11
[6, 7, 8, 6, 7, 8, 0, 0, 0, 0, 0, 0, 0, 0, 0, 0, 0, 0, 0, 0]
5, 12
[6, 7, 8, 6, 7, 8, 0, 0, 0, 0, 0, 0, 0, 0, 0, 0, 0, 0, 0, 0]
5, 13
[6, 7, 8, 6, 7, 8, 0, 0, 0, 0, 0, 0, 0, 0, 0, 0, 0, 0, 0, 0]
5, 14
[6, 7, 8, 6, 7, 8, 0, 0, 0, 0, 0, 0, 0, 0, 0, 0, 0, 0, 0, 0]
5, 15
[6, 7, 8, 6, 7, 8, 0, 0, 0, 0, 0, 0, 0, 0, 0, 0, 0, 0, 0, 0]
5, 16
[6, 7, 8, 6, 7, 8, 0, 0, 0, 0, 0, 0, 0, 0, 0, 0, 0, 0, 0, 0]
5, 17
[6, 7, 8, 6, 7, 8, 0, 0, 0, 0, 0, 0, 0, 0, 0, 0, 0, 0, 0, 0]
5, 18
[6, 7, 8, 6, 7, 8, 0, 0, 0, 0, 0, 0, 0, 0, 0, 0, 0, 0, 0, 0]
5, 19
[6, 7, 8, 6, 7, 8, 0, 0, 0, 0, 0, 0, 0, 0, 0, 0, 0, 0, 0, 0]
[6, 7, 8, 6, 7, 8, 0, 0, 0, 0, 0, 0, 0, 0, 0, 0, 0, 0, 0, 0]     6
6, 0
[7, 8, 6, 7, 8, 0, 0, 0, 0, 0, 0, 0, 0, 0, 0, 0, 0, 0, 0, 0]
6, 1
[7, 8, 6, 7, 8, 0, 0, 0, 0, 0, 0, 0, 0, 0, 0, 0, 0, 0, 0, 0]
6, 2
[7, 8, 7, 8, 0, 0, 0, 0, 0, 0, 0, 0, 0, 0, 0, 0, 0, 0, 0, 0]
6, 3
[7, 8, 7, 8, 0, 0, 0, 0, 0, 0, 0, 0, 0, 0, 0, 0, 0, 0, 0, 0]
6, 4
[7, 8, 7, 8, 0, 0, 0, 0, 0, 0, 0, 0, 0, 0, 0, 0, 0, 0, 0, 0]
6, 5
[7, 8, 7, 8, 0, 0, 0, 0, 0, 0, 0, 0, 0, 0, 0, 0, 0, 0, 0, 0]
6, 6
[7, 8, 7, 8, 0, 0, 0, 0, 0, 0, 0, 0, 0, 0, 0, 0, 0, 0, 0, 0]
6, 7
[7, 8, 7, 8, 0, 0, 0, 0, 0, 0, 0, 0, 0, 0, 0, 0, 0, 0, 0, 0]
6, 8
[7, 8, 7, 8, 0, 0, 0, 0, 0, 0, 0, 0, 0, 0, 0, 0, 0, 0, 0, 0]
6, 9
[7, 8, 7, 8, 0, 0, 0, 0, 0, 0, 0, 0, 0, 0, 0, 0, 0, 0, 0, 0]
6, 10
[7, 8, 7, 8, 0, 0, 0, 0, 0, 0, 0, 0, 0, 0, 0, 0, 0, 0, 0, 0]
6, 11
[7, 8, 7, 8, 0, 0, 0, 0, 0, 0, 0, 0, 0, 0, 0, 0, 0, 0, 0, 0]
6, 12
[7, 8, 7, 8, 0, 0, 0, 0, 0, 0, 0, 0, 0, 0, 0, 0, 0, 0, 0, 0]
6, 13
[7, 8, 7, 8, 0, 0, 0, 0, 0, 0, 0, 0, 0, 0, 0, 0, 0, 0, 0, 0]
6, 14
[7, 8, 7, 8, 0, 0, 0, 0, 0, 0, 0, 0, 0, 0, 0, 0, 0, 0, 0, 0]
6, 15
[7, 8, 7, 8, 0, 0, 0, 0, 0, 0, 0, 0, 0, 0, 0, 0, 0, 0, 0, 0]
6, 16
[7, 8, 7, 8, 0, 0, 0, 0, 0, 0, 0, 0, 0, 0, 0, 0, 0, 0, 0, 0]
6, 17
[7, 8, 7, 8, 0, 0, 0, 0, 0, 0, 0, 0, 0, 0, 0, 0, 0, 0, 0, 0]
6, 18
[7, 8, 7, 8, 0, 0, 0, 0, 0, 0, 0, 0, 0, 0, 0, 0, 0, 0, 0, 0]
6, 19
[7, 8, 7, 8, 0, 0, 0, 0, 0, 0, 0, 0, 0, 0, 0, 0, 0, 0, 0, 0]
[7, 8, 7, 8, 0, 0, 0, 0, 0, 0, 0, 0, 0, 0, 0, 0, 0, 0, 0, 0]     7
7, 0
[8, 7, 8, 0, 0, 0, 0, 0, 0, 0, 0, 0, 0, 0, 0, 0, 0, 0, 0, 0]
7, 1
[8, 8, 0, 0, 0, 0, 0, 0, 0, 0, 0, 0, 0, 0, 0, 0, 0, 0, 0, 0]
7, 2
[8, 8, 0, 0, 0, 0, 0, 0, 0, 0, 0, 0, 0, 0, 0, 0, 0, 0, 0, 0]
7, 3
[8, 8, 0, 0, 0, 0, 0, 0, 0, 0, 0, 0, 0, 0, 0, 0, 0, 0, 0, 0]
7, 4
[8, 8, 0, 0, 0, 0, 0, 0, 0, 0, 0, 0, 0, 0, 0, 0, 0, 0, 0, 0]
7, 5
[8, 8, 0, 0, 0, 0, 0, 0, 0, 0, 0, 0, 0, 0, 0, 0, 0, 0, 0, 0]
7, 6
[8, 8, 0, 0, 0, 0, 0, 0, 0, 0, 0, 0, 0, 0, 0, 0, 0, 0, 0, 0]
7, 7
[8, 8, 0, 0, 0, 0, 0, 0, 0, 0, 0, 0, 0, 0, 0, 0, 0, 0, 0, 0]
7, 8
[8, 8, 0, 0, 0, 0, 0, 0, 0, 0, 0, 0, 0, 0, 0, 0, 0, 0, 0, 0]
7, 9
[8, 8, 0, 0, 0, 0, 0, 0, 0, 0, 0, 0, 0, 0, 0, 0, 0, 0, 0, 0]
7, 10
[8, 8, 0, 0, 0, 0, 0, 0, 0, 0, 0, 0, 0, 0, 0, 0, 0, 0, 0, 0]
7, 11
[8, 8, 0, 0, 0, 0, 0, 0, 0, 0, 0, 0, 0, 0, 0, 0, 0, 0, 0, 0]
7, 12
[8, 8, 0, 0, 0, 0, 0, 0, 0, 0, 0, 0, 0, 0, 0, 0, 0, 0, 0, 0]
7, 13
[8, 8, 0, 0, 0, 0, 0, 0, 0, 0, 0, 0, 0, 0, 0, 0, 0, 0, 0, 0]
7, 14
[8, 8, 0, 0, 0, 0, 0, 0, 0, 0, 0, 0, 0, 0, 0, 0, 0, 0, 0, 0]
7, 15
[8, 8, 0, 0, 0, 0, 0, 0, 0, 0, 0, 0, 0, 0, 0, 0, 0, 0, 0, 0]
7, 16
[8, 8, 0, 0, 0, 0, 0, 0, 0, 0, 0, 0, 0, 0, 0, 0, 0, 0, 0, 0]
7, 17
[8, 8, 0, 0, 0, 0, 0, 0, 0, 0, 0, 0, 0, 0, 0, 0, 0, 0, 0, 0]
7, 18
[8, 8, 0, 0, 0, 0, 0, 0, 0, 0, 0, 0, 0, 0, 0, 0, 0, 0, 0, 0]
7, 19
[8, 8, 0, 0, 0, 0, 0, 0, 0, 0, 0, 0, 0, 0, 0, 0, 0, 0, 0, 0]
[8, 8, 0, 0, 0, 0, 0, 0, 0, 0, 0, 0, 0, 0, 0, 0, 0, 0, 0, 0]     8
8, 0
[8, 0, 0, 0, 0, 0, 0, 0, 0, 0, 0, 0, 0, 0, 0, 0, 0, 0, 0, 0]
8, 1
[8, 0, 0, 0, 0, 0, 0, 0, 0, 0, 0, 0, 0, 0, 0, 0, 0, 0, 0, 0]
8, 2
[8, 0, 0, 0, 0, 0, 0, 0, 0, 0, 0, 0, 0, 0, 0, 0, 0, 0, 0, 0]
8, 3
[8, 0, 0, 0, 0, 0, 0, 0, 0, 0, 0, 0, 0, 0, 0, 0, 0, 0, 0, 0]
8, 4
[8, 0, 0, 0, 0, 0, 0, 0, 0, 0, 0, 0, 0, 0, 0, 0, 0, 0, 0, 0]
8, 5
[8, 0, 0, 0, 0, 0, 0, 0, 0, 0, 0, 0, 0, 0, 0, 0, 0, 0, 0, 0]
8, 6
[8, 0, 0, 0, 0, 0, 0, 0, 0, 0, 0, 0, 0, 0, 0, 0, 0, 0, 0, 0]
8, 7
[8, 0, 0, 0, 0, 0, 0, 0, 0, 0, 0, 0, 0, 0, 0, 0, 0, 0, 0, 0]
8, 8
[8, 0, 0, 0, 0, 0, 0, 0, 0, 0, 0, 0, 0, 0, 0, 0, 0, 0, 0, 0]
8, 9
[8, 0, 0, 0, 0, 0, 0, 0, 0, 0, 0, 0, 0, 0, 0, 0, 0, 0, 0, 0]
8, 10
[8, 0, 0, 0, 0, 0, 0, 0, 0, 0, 0, 0, 0, 0, 0, 0, 0, 0, 0, 0]
8, 11
[8, 0, 0, 0, 0, 0, 0, 0, 0, 0, 0, 0, 0, 0, 0, 0, 0, 0, 0, 0]
8, 12
[8, 0, 0, 0, 0, 0, 0, 0, 0, 0, 0, 0, 0, 0, 0, 0, 0, 0, 0, 0]
8, 13
[8, 0, 0, 0, 0, 0, 0, 0, 0, 0, 0, 0, 0, 0, 0, 0, 0, 0, 0, 0]
8, 14
[8, 0, 0, 0, 0, 0, 0, 0, 0, 0, 0, 0, 0, 0, 0, 0, 0, 0, 0, 0]
8, 15
[8, 0, 0, 0, 0, 0, 0, 0, 0, 0, 0, 0, 0, 0, 0, 0, 0, 0, 0, 0]
8, 16
[8, 0, 0, 0, 0, 0, 0, 0, 0, 0, 0, 0, 0, 0, 0, 0, 0, 0, 0, 0]
8, 17
[8, 0, 0, 0, 0, 0, 0, 0, 0, 0, 0, 0, 0, 0, 0, 0, 0, 0, 0, 0]
8, 18
[8, 0, 0, 0, 0, 0, 0, 0, 0, 0, 0, 0, 0, 0, 0, 0, 0, 0, 0, 0]
8, 19
[8, 0, 0, 0, 0, 0, 0, 0, 0, 0, 0, 0, 0, 0, 0, 0, 0, 0, 0, 0]
[8, 0, 0, 0, 0, 0, 0, 0, 0, 0, 0, 0, 0, 0, 0, 0, 0, 0, 0, 0]     9
9, 0
[8, 0, 0, 0, 0, 0, 0, 0, 0, 0, 0, 0, 0, 0, 0, 0, 0, 0, 0, 0]
9, 1
[8, 0, 0, 0, 0, 0, 0, 0, 0, 0, 0, 0, 0, 0, 0, 0, 0, 0, 0, 0]
9, 2
[8, 0, 0, 0, 0, 0, 0, 0, 0, 0, 0, 0, 0, 0, 0, 0, 0, 0, 0, 0]
9, 3
[8, 0, 0, 0, 0, 0, 0, 0, 0, 0, 0, 0, 0, 0, 0, 0, 0, 0, 0, 0]
9, 4
[8, 0, 0, 0, 0, 0, 0, 0, 0, 0, 0, 0, 0, 0, 0, 0, 0, 0, 0, 0]
9, 5
[8, 0, 0, 0, 0, 0, 0, 0, 0, 0, 0, 0, 0, 0, 0, 0, 0, 0, 0, 0]
9, 6
[8, 0, 0, 0, 0, 0, 0, 0, 0, 0, 0, 0, 0, 0, 0, 0, 0, 0, 0, 0]
9, 7
[8, 0, 0, 0, 0, 0, 0, 0, 0, 0, 0, 0, 0, 0, 0, 0, 0, 0, 0, 0]
9, 8
[8, 0, 0, 0, 0, 0, 0, 0, 0, 0, 0, 0, 0, 0, 0, 0, 0, 0, 0, 0]
9, 9
[8, 0, 0, 0, 0, 0, 0, 0, 0, 0, 0, 0, 0, 0, 0, 0, 0, 0, 0, 0]
9, 10
[8, 0, 0, 0, 0, 0, 0, 0, 0, 0, 0, 0, 0, 0, 0, 0, 0, 0, 0, 0]
9, 11
[8, 0, 0, 0, 0, 0, 0, 0, 0, 0, 0, 0, 0, 0, 0, 0, 0, 0, 0, 0]
9, 12
[8, 0, 0, 0, 0, 0, 0, 0, 0, 0, 0, 0, 0, 0, 0, 0, 0, 0, 0, 0]
9, 13
[8, 0, 0, 0, 0, 0, 0, 0, 0, 0, 0, 0, 0, 0, 0, 0, 0, 0, 0, 0]
9, 14
[8, 0, 0, 0, 0, 0, 0, 0, 0, 0, 0, 0, 0, 0, 0, 0, 0, 0, 0, 0]
9, 15
[8, 0, 0, 0, 0, 0, 0, 0, 0, 0, 0, 0, 0, 0, 0, 0, 0, 0, 0, 0]
9, 16
[8, 0, 0, 0, 0, 0, 0, 0, 0, 0, 0, 0, 0, 0, 0, 0, 0, 0, 0, 0]
9, 17
[8, 0, 0, 0, 0, 0, 0, 0, 0, 0, 0, 0, 0, 0, 0, 0, 0, 0, 0, 0]
9, 18
[8, 0, 0, 0, 0, 0, 0, 0, 0, 0, 0, 0, 0, 0, 0, 0, 0, 0, 0, 0]
9, 19
[8, 0, 0, 0, 0, 0, 0, 0, 0, 0, 0, 0, 0, 0, 0, 0, 0, 0, 0, 0]
[8]
